0 0.71923828125 0.34785992217898837 0.1689453125 0.5665369649805447
0 0.08935546875 0.6474708171206226 0.0419921875 0.12918287937743192
0 0.124755859375 0.6416342412451362 0.03466796875 0.11750972762645916
0 0.167724609375 0.6256809338521401 0.02197265625 0.0575875486381323
0 0.23291015625 0.6140077821011674 0.02734375 0.06536964980544747
0 0.286865234375 0.5926070038910506 0.01708984375 0.03190661478599222
0 0.359619140625 0.5949416342412451 0.01708984375 0.027237354085603113
0 0.53857421875 0.5984435797665371 0.04296875 0.12295719844357977
0 0.489013671875 0.5891050583657588 0.01513671875 0.038910505836575876
0 0.02001953125 0.6054474708171207 0.0322265625 0.0747081712062257
0 0.0556640625 0.6046692607003892 0.0244140625 0.0622568093385214
