0 0.0733642578125 0.2593315972222222 0.091552734375 0.28515625
0 0.1553955078125 0.32465277777777773 0.035400390625 0.14496527777777776
0 0.218505859375 0.3174913194444444 0.021484375 0.11241319444444443
0 0.197509765625 0.3315972222222222 0.02734375 0.07638888888888888
0 0.242431640625 0.3628472222222222 0.0322265625 0.06684027777777778
0 0.2578125 0.2790798611111111 0.0234375 0.09288194444444443
0 0.2757568359375 0.3530815972222222 0.047607421875 0.09678819444444443
0 0.296630859375 0.09722222222222221 0.00927734375 0.1796875
0 0.3424072265625 0.08029513888888888 0.072021484375 0.14670138888888887
0 0.373779296875 0.298828125 0.046875 0.1948784722222222
0 0.310791015625 0.3083767361111111 0.029296875 0.17230902777777776
